Sequential
0.012581
0.025554
0.044361
0.089190
0.170476
0.320244
0.618031
0.972325
1.739623
2.941567
4.380775
6.716441
8.121168
8.921512
9.434741
9.651136
Sequential
0.015630
0.030211
0.055712
0.107668
0.206477
0.380272
0.723939
1.317804
2.417414
3.972128
6.363266
8.386360
10.051602
10.014609
9.991744
10.020504
Sequential
0.016117
0.030681
0.061484
0.116196
0.235868
0.461750
0.852253
1.628344
2.925802
4.712546
6.523817
9.537093
9.877092
9.984150
9.981920
9.859308
Sequential
0.015361
0.028395
0.058214
0.120536
0.227830
0.459701
0.885130
1.677760
2.879526
5.279556
7.481320
9.970127
9.980575
9.915299
9.695935
9.976319
Random
0.012477
0.025178
0.045498
0.087623
0.170099
0.326866
0.618139
1.040564
1.777659
2.925107
4.356985
6.868515
8.031419
8.919085
9.390046
9.715046
Random
0.015140
0.031043
0.055404
0.106221
0.210188
0.391451
0.746496
1.318114
2.434967
4.075802
6.124439
8.382476
9.843622
9.906924
9.906961
9.929217
Random
0.016631
0.030935
0.062343
0.121735
0.220229
0.475220
0.867997
1.486128
2.899471
5.122137
7.055931
9.869062
9.901995
9.925053
9.984088
10.001838
Random
0.015502
0.030092
0.056489
0.113782
0.232275
0.463076
0.857603
1.673579
2.841763
5.099316
8.634777
9.971096
9.895724
9.874056
10.048875
9.713996
