Sequential
0.011292
0.022323
0.043931
0.085014
0.163615
0.312260
0.582557
0.960673
1.660295
2.333453
3.542652
4.804236
5.599798
5.684240
5.558937
5.938471
Sequential
0.014241
0.028715
0.055342
0.107353
0.205191
0.383537
0.558996
1.300373
2.123320
3.542929
4.670008
6.561357
7.089741
7.161221
6.931700
6.958422
Sequential
0.016801
0.026301
0.055399
0.125929
0.240042
0.478886
0.811513
1.754825
2.712375
4.529916
6.653902
8.698602
8.321614
8.450335
8.445919
8.419936
Sequential
0.015186
0.029410
0.060835
0.115637
0.230273
0.457623
0.847736
1.716594
3.157869
5.926290
7.501580
9.728585
9.920413
9.685934
9.948071
9.991457
Random
0.011171
0.022021
0.044341
0.084187
0.161729
0.303342
0.554592
1.007947
1.516229
2.312570
3.308716
4.658923
5.456512
5.911891
6.357506
6.012361
Random
0.014358
0.027191
0.055307
0.106306
0.204183
0.415712
0.682818
1.257823
2.145062
3.396396
4.764633
6.460559
6.879229
6.880927
6.910289
6.748617
Random
0.013860
0.030525
0.056420
0.123213
0.243758
0.466888
0.886825
1.610732
2.674595
4.363068
5.948269
8.385463
8.326334
8.704148
8.483644
8.774470
Random
0.014329
0.028454
0.058549
0.119870
0.226754
0.467393
0.870136
1.773826
2.757063
4.860040
7.530525
9.654082
9.731011
9.472781
9.959378
9.594155
