Sequential
0.012844
0.025174
0.045001
0.088996
0.085610
0.188874
0.389679
0.704663
1.298661
2.333811
3.310331
5.189269
5.110515
5.688812
5.920856
6.388894
Sequential
0.015798
0.019194
0.039729
0.080844
0.207567
0.383004
0.638504
1.280636
2.139855
3.035891
4.129096
6.346532
6.785267
7.136434
7.282393
7.057580
Sequential
0.016045
0.031873
0.056233
0.106976
0.214248
0.480450
0.843593
1.420991
2.937357
4.434088
7.073024
8.400211
8.767258
8.587460
8.413888
8.748342
Sequential
0.014339
0.028866
0.056867
0.119960
0.240799
0.456293
0.889366
1.677763
3.041567
5.137284
7.550482
9.849245
9.926248
9.897389
9.952861
9.561703
Random
0.012462
0.024939
0.021007
0.090544
0.168040
0.190002
0.448883
0.634595
1.046607
1.846207
3.488175
4.749976
5.171640
5.718293
6.034989
6.093873
Random
0.009609
0.019065
0.053514
0.077521
0.203646
0.389772
0.643268
1.238776
2.158747
3.181204
4.738236
5.625543
6.722311
7.124562
7.022336
7.160278
Random
0.013202
0.032636
0.052645
0.109503
0.208795
0.422976
0.803747
1.540432
2.805039
4.337729
6.642152
7.936138
8.300555
8.572460
8.836449
8.487361
Random
0.015761
0.029290
0.059837
0.121821
0.229048
0.492118
0.867637
1.576852
2.850539
5.277379
8.308796
9.694678
9.743431
9.636929
9.893203
9.954892
