0.028768
0.057546
0.114740
0.229625
0.457730
0.910792
1.811395
3.531981
6.784755
12.818294
21.173824
22.375932
22.333767
22.323795
22.326724
22.334578
0.057271
0.114608
0.228926
0.457794
0.912898
1.815052
3.655986
7.113438
13.296789
21.379913
22.293499
22.324045
22.265516
22.321678
22.337197
22.343935
0.113624
0.227264
0.454717
0.907139
1.807559
3.597328
7.108760
13.657867
21.647892
22.318938
22.339130
22.325478
22.334266
22.339817
22.333144
22.345432
0.226983
0.453546
0.906517
1.810277
3.608241
7.139237
13.825283
21.679864
22.262108
22.323858
22.321553
22.332769
22.340253
22.331710
22.336012
22.330151
0.455928
0.911371
1.816313
3.630199
7.209539
14.132353
21.809299
22.331585
22.320432
22.342811
22.338257
22.337010
22.273823
22.331086
22.329403
22.332707
0.911757
1.820396
3.609866
7.221592
14.177434
21.692621
22.290207
22.255853
22.334328
22.266136
22.302138
22.343935
22.271591
22.341127
22.274816
22.268429
0.903539
1.802639
3.608543
7.205111
14.185378
22.019581
21.992946
22.235625
22.316260
22.341688
22.330214
22.341002
22.336386
22.334640
22.326724
22.338507
0.865665
1.730362
3.441997
6.877419
13.714058
21.584694
21.968728
22.260374
22.339380
22.331710
22.275498
22.278972
22.332395
22.267561
22.332208
22.333081
0.848828
1.690410
3.382361
6.771306
13.472345
21.257317
22.197866
22.207541
22.330276
22.341688
22.262790
22.332956
22.337134
22.337696
22.278041
22.328718
