0.015743
0.031426
0.062774
0.125188
0.250380
0.497750
1.000852
0.985606
0.993827
1.002603
1.002403
1.005210
1.005966
1.009701
1.007893
1.010738
0.026169
0.052408
0.104559
0.207004
0.415010
0.820846
1.659536
1.629445
1.658926
1.665414
1.665479
1.678144
1.666046
1.670641
1.675812
1.673187
0.039090
0.078364
0.155888
0.309883
0.620347
1.235450
2.499861
2.439296
2.486849
2.506693
2.521450
2.522611
2.517847
2.526008
2.537520
2.534643
0.052576
0.105138
0.206779
0.413476
0.830015
1.629262
3.337441
3.250938
3.296923
3.345294
3.390240
3.394599
3.380367
3.404684
3.384859
3.392746
0.063541
0.126128
0.250986
0.498486
0.928680
1.955949
4.028364
3.873959
3.992371
3.976649
4.078120
4.061881
4.052541
4.102690
4.082991
4.061877
0.070770
0.141175
0.280393
0.555426
1.082340
2.195450
4.236054
4.247761
4.423370
4.402089
4.536073
4.541365
4.528978
4.590141
4.574233
4.544569
0.074757
0.150411
0.296658
0.584173
1.170394
2.316548
4.745671
4.526280
4.684422
4.578925
4.768197
4.799607
4.858148
4.825684
4.874506
4.845730
0.077289
0.154941
0.308181
0.612142
1.215694
2.362858
4.914548
4.657391
4.783024
4.819379
4.900856
4.946121
4.957431
4.978769
4.995111
5.031519
0.078466
0.156262
0.312433
0.615050
1.224808
2.309773
5.014143
4.731074
4.824628
4.961945
5.008420
5.072473
5.049233
5.065654
5.072238
5.067952
0.025399
0.050683
0.101459
0.201959
0.402960
0.795811
1.590580
1.591795
1.602220
1.602434
1.612967
1.616732
1.624079
1.613570
1.630427
1.629606
0.043264
0.086739
0.173184
0.345706
0.689382
1.371406
2.716996
2.731317
2.688861
2.774285
2.754428
2.723766
2.715147
2.726472
2.745322
2.726871
0.070009
0.139138
0.278301
0.551160
1.091639
2.195995
4.289404
4.307275
4.368033
4.412878
4.415589
4.421023
4.469716
4.402666
4.328901
4.396278
0.097688
0.196449
0.392055
0.789675
1.539107
3.086889
6.121375
6.064479
6.169355
6.195820
6.209059
6.204619
6.219055
6.252120
6.273339
6.244838
0.120817
0.243841
0.486315
0.964692
1.902935
3.783001
7.460926
7.439722
7.579454
7.675842
7.734333
7.626798
7.756718
7.746533
7.763742
7.771736
0.131502
0.275833
0.547870
1.090714
2.169036
4.283875
8.362314
8.401376
8.535637
8.652942
8.649313
8.659911
8.714217
8.708981
8.719013
8.814951
0.146078
0.293499
0.579270
1.163462
2.263876
4.265466
8.752256
9.016320
9.185425
9.183211
9.216823
9.127898
9.291511
9.283866
9.372280
9.317135
0.149043
0.301013
0.607074
1.200240
2.369661
4.701201
9.152229
9.142680
9.419400
9.451896
9.558265
9.562778
9.614067
9.601075
9.615107
9.661147
0.152666
0.301775
0.606071
1.217153
2.424641
4.798747
9.273148
9.436199
9.460749
9.661381
9.687904
9.634747
9.782857
9.725013
9.640447
9.740299
0.028830
0.057581
0.113728
0.231675
0.466419
0.919020
1.841878
1.839098
1.844910
1.848700
1.857086
1.851099
1.851969
1.852144
1.850284
1.846396
0.058894
0.118476
0.232984
0.466529
0.940391
1.906658
3.810424
3.810983
3.805765
3.810602
3.742727
3.731610
3.785776
3.776517
3.787328
3.783216
0.116456
0.231346
0.464776
0.932738
1.858985
3.703484
7.265620
7.230168
7.338218
7.410825
7.341342
7.367066
7.335634
7.296913
7.381572
7.374978
0.175577
0.350219
0.702545
1.412351
2.803226
5.583987
11.039096
11.071132
11.228811
11.275721
11.266939
11.295239
11.263243
11.374429
11.313561
11.325605
0.229326
0.456336
0.917753
1.849047
3.680342
7.331412
13.996977
14.246333
14.413999
14.504841
14.676906
14.658324
14.727812
14.731717
14.644317
14.694807
0.269173
0.536292
1.067615
2.112895
4.198406
8.149777
16.235183
16.727898
16.386324
16.555195
16.690520
16.537878
16.651888
16.772543
16.833458
16.831298
0.286146
0.575558
1.121051
2.254127
4.482800
9.020976
17.742254
17.826583
17.594869
18.011284
17.837355
17.809003
17.655250
17.463131
17.953160
18.202793
0.290938
0.584902
1.178038
2.324358
4.625521
9.071910
17.828410
18.355781
17.725507
18.414468
18.503955
18.398629
18.496554
18.229962
17.836718
18.442571
0.293550
0.601143
1.179430
2.404564
4.811509
8.862813
18.112497
17.875897
18.285296
18.099670
18.390128
17.992690
18.573638
18.552962
18.524393
18.846944
0.037218
0.074106
0.146778
0.295727
0.591320
1.184914
2.336337
2.351293
2.360622
2.356833
2.359879
2.360310
2.348464
2.366074
2.362485
2.365245
0.070591
0.140462
0.280544
0.561213
1.128538
2.247766
4.481368
4.483001
4.477290
4.490048
4.468612
4.436048
4.434152
4.453537
4.405066
4.504007
0.133518
0.267989
0.534889
1.068441
2.132682
4.267862
8.477728
8.549986
8.459736
8.510050
8.415277
8.450362
8.496456
8.392201
8.447221
8.464784
0.262588
0.520230
1.052300
2.085085
4.192213
8.304329
16.623238
16.711474
16.703798
16.697731
16.476025
16.593379
16.448586
16.295337
16.523054
16.462904
0.340450
0.677321
1.354733
2.718274
5.419775
10.792595
21.627175
21.724372
21.605505
21.703744
21.779909
21.719654
21.809656
22.025947
22.265330
21.652872
0.375496
0.750109
1.494250
2.991118
5.989651
11.939425
23.816612
23.561219
23.694296
23.435326
23.615678
23.643736
23.629210
23.723034
23.990164
23.889012
0.387496
0.773803
1.547200
3.096813
6.182285
12.358686
24.677724
24.483775
24.490146
24.580669
24.464533
24.457502
24.493220
24.517090
24.427556
24.611220
0.389122
0.779056
1.558523
3.114634
6.207667
12.464166
24.889088
24.903964
24.901639
24.900243
24.795361
24.608267
24.571458
24.401180
24.312267
24.322245
0.308338
0.616796
1.227232
2.471627
4.912176
9.965408
20.432140
20.652516
20.762503
20.659503
20.614094
20.732908
20.736025
20.802076
20.533565
20.854459
0.044045
0.087665
0.175748
0.344961
0.695113
1.387113
2.771339
2.728054
2.735207
2.743989
2.721768
2.729910
2.742372
2.732233
2.737888
2.736172
0.082005
0.162665
0.324258
0.647648
1.313519
2.619131
5.241262
5.216855
5.176580
5.168246
5.193247
5.203645
5.200009
5.212226
5.206805
5.153580
0.160372
0.318968
0.636081
1.286117
2.556581
5.115878
10.181174
10.101418
10.132341
10.078232
10.093376
10.134061
10.101571
9.897572
10.128941
10.121176
0.284780
0.575566
1.144629
2.309128
4.585705
9.156880
18.014732
18.055756
17.999046
17.562346
18.046755
18.055471
18.083387
18.037111
17.896371
18.046958
0.362468
0.723354
1.450754
2.893744
5.787054
11.552030
23.008738
23.237103
23.295633
23.514128
23.251961
23.066920
23.142122
23.077101
23.367557
23.348189
0.374843
0.750459
1.501823
2.996054
5.981255
11.961240
23.799891
23.983188
23.876606
23.977509
23.853824
23.904073
23.939768
23.857736
23.814202
23.813918
0.369654
0.735916
1.464832
2.946219
5.868691
11.669667
23.101090
22.843959
23.041010
22.782222
22.648389
22.542260
22.671881
22.278227
22.244838
22.155141
0.362484
0.732584
1.448599
2.893147
5.790350
11.570542
23.265350
23.526436
23.411596
23.534672
23.817250
23.888655
23.795785
23.677536
23.804777
23.547627
0.357024
0.724851
1.424523
2.858120
5.706272
11.404004
23.028408
22.460869
22.885848
22.402939
22.345120
22.516437
22.654290
22.427936
22.303755
22.730824
0.036597
0.072195
0.144107
0.288201
0.557517
1.152585
2.330124
2.327293
2.292129
2.330141
2.335439
2.330160
2.300763
2.332435
2.300490
2.331659
0.071554
0.143197
0.285007
0.571290
1.159965
2.308894
4.603339
4.541612
4.606873
4.606066
4.599570
4.537900
4.601827
4.579811
4.608576
4.607106
0.142175
0.281281
0.562151
1.125064
2.272595
4.475692
9.066409
8.955187
8.953153
8.989794
8.996942
8.958787
8.972422
9.003919
8.983979
9.043636
0.276142
0.545575
1.090514
2.210560
4.347767
8.720658
17.327119
17.478392
17.404206
17.182426
17.162336
17.312645
17.373930
17.220818
17.328733
17.124387
0.380794
0.761718
1.524860
3.046831
6.084830
12.149137
24.038823
24.099216
24.198720
24.200257
24.217839
24.052483
24.252346
24.199305
24.318918
24.142198
0.383786
0.769921
1.544167
3.067409
6.137492
12.203735
24.243085
24.281495
24.249038
24.197549
24.200111
23.928955
23.853966
23.669900
23.504870
23.575314
0.379360
0.760201
1.517140
3.038781
6.066342
12.066711
24.038317
23.966088
23.896219
23.879670
23.651146
23.550607
23.335589
23.273946
23.181485
23.233593
0.376795
0.753424
1.510081
3.018894
6.019174
12.032717
23.966878
23.878815
23.997288
23.816967
23.615748
23.519520
23.531488
23.599864
23.455389
23.562607
0.379634
0.759375
1.520739
3.037920
6.070051
12.098482
23.882807
23.838542
23.719376
23.480310
23.471906
23.437592
23.503834
23.517169
23.482585
23.530588
0.033909
0.066668
0.133519
0.266438
0.534277
1.083657
2.165920
2.152886
2.147619
2.119509
2.168298
2.126573
2.167091
2.165700
2.160373
2.168573
0.067627
0.132527
0.265456
0.539180
1.078445
2.153801
4.288245
4.268991
4.253337
4.183278
4.247682
4.155743
4.232155
4.185547
4.185565
4.241581
0.132424
0.260545
0.521407
1.055745
2.077038
4.131154
8.356523
8.297679
8.296905
8.219046
8.245136
8.296836
8.243284
8.287133
8.283760
8.164757
0.251449
0.502281
1.018890
2.009072
4.088727
8.112175
15.755692
16.064612
16.023426
15.683937
15.927213
15.957871
15.850655
15.882407
15.908779
15.827136
0.383430
0.767310
1.534495
3.060108
6.116853
12.115577
24.213222
24.146424
24.230823
24.282085
24.283780
24.191988
24.209558
24.190744
24.321136
24.247788
0.386923
0.774559
1.547463
3.094337
6.174564
12.316617
24.492620
24.439719
24.385932
24.397161
24.412721
24.253596
23.970397
23.792317
23.810091
23.629908
0.383374
0.766654
1.531337
3.062250
6.121885
12.204834
24.230970
23.935255
23.800103
23.549845
23.296040
23.219028
23.139846
23.005032
23.125130
23.085691
0.382439
0.765081
1.525852
3.059082
6.093363
12.184962
24.253963
23.946432
23.901288
23.433472
23.351187
23.390855
23.393386
23.260682
23.201318
23.376297
0.385184
0.769896
1.537036
3.075693
6.147221
12.221577
24.192061
23.939266
23.765953
23.400913
23.514197
23.608291
23.618746
23.619722
23.513989
23.410500
