0.025815
0.051670
0.105862
0.205972
0.409655
0.817695
1.634348
3.171936
6.284708
11.483973
19.358929
21.875077
22.311966
22.341376
22.369551
22.374118
0.053099
0.105872
0.213097
0.423772
0.848498
1.779558
3.358018
6.838267
12.367131
20.662118
22.357485
22.323484
22.354861
22.365923
22.376996
22.376496
0.109817
0.217429
0.438023
0.873028
1.719245
3.406475
6.686291
12.576560
20.663559
22.342125
22.344247
22.334765
22.370614
22.371552
22.368863
22.376746
0.183736
0.368284
0.734442
1.453789
2.908163
5.639053
10.948750
17.721424
22.532926
22.397044
22.364673
22.373304
22.368550
22.369238
22.378123
22.372178
0.237725
0.491044
0.977996
1.950003
3.869842
7.451669
14.812922
20.519292
22.585663
22.364673
22.379000
22.367299
22.381003
22.365736
22.375244
22.378812
0.292462
0.579387
1.154277
2.328493
4.572662
9.125451
17.946918
21.412302
22.375807
22.369926
22.372991
22.377059
22.362297
22.368300
22.350115
22.365611
0.316693
0.630158
1.275354
2.474887
4.721708
10.068934
19.896835
22.029343
22.374743
22.367424
22.376934
22.370426
22.379563
22.375995
22.377247
22.372366
0.332941
0.668096
1.330602
2.669806
5.313327
10.506588
20.773879
22.299589
22.235749
22.335388
22.360422
22.367049
22.363985
22.377247
22.370489
22.369801
0.339618
0.673793
1.356084
2.719933
5.427254
10.716850
21.339650
20.831435
22.271963
22.372991
22.370176
22.371677
22.377748
22.373304
22.373554
22.373805
