0.024575
0.049029
0.096859
0.192822
0.381947
0.762210
1.490192
2.920583
5.403339
8.886954
16.226555
22.259445
22.583495
22.587895
22.374431
22.383884
0.044256
0.087712
0.175052
0.348134
0.685087
1.325754
2.589657
4.848018
9.381622
15.069290
22.110931
22.579926
22.584834
22.382944
22.380001
22.383257
0.069599
0.138443
0.273725
0.550360
1.092247
2.154743
4.260452
8.241204
13.196943
21.983276
22.582922
22.595296
22.383508
22.373116
22.387893
22.379438
0.098161
0.194919
0.390520
0.778186
1.565622
3.083523
6.118692
11.762492
17.979185
22.584197
22.586237
22.378687
22.374243
22.373054
22.374180
22.379375
0.123605
0.247176
0.492256
0.956301
1.888383
3.920195
7.772318
15.364110
19.883878
22.585918
22.372866
22.384197
22.378624
22.374180
22.375244
22.384886
0.141023
0.286446
0.567459
1.136471
2.282226
4.555075
9.015039
17.680105
20.560479
22.385700
22.387454
22.378937
22.380940
22.384948
22.384823
22.371302
0.155014
0.306830
0.619509
1.239596
2.463862
4.946449
9.791167
19.422944
21.427041
22.391715
22.375870
22.384886
22.377560
22.378812
22.379876
22.373680
0.161612
0.323830
0.605038
1.294512
2.587532
5.138848
10.181239
20.150981
21.998026
22.382568
22.375432
22.374243
22.384322
22.381629
22.380940
22.386076
0.155629
0.327916
0.662426
1.314075
2.640491
5.244822
10.439054
20.703184
22.399677
22.380502
22.385512
22.387141
22.384510
22.373554
22.384635
22.383383
