0.025497
0.050964
0.101967
0.201187
0.395167
0.785479
1.646104
1.564760
1.601417
1.576222
1.619642
1.627833
1.636188
1.631664
1.633173
1.631048
0.039855
0.079942
0.159541
0.315997
0.619711
1.202982
2.528546
2.420960
2.498969
2.520508
2.532037
2.579867
2.566342
2.598270
2.577948
2.569706
0.055908
0.111963
0.223750
0.443522
0.855721
1.681670
3.592377
3.337955
3.491446
3.561021
3.603610
3.629069
3.652243
3.636369
3.659708
3.659773
0.070128
0.140788
0.277320
0.543020
1.064967
2.069302
4.512366
4.152981
4.347304
4.448935
4.539326
4.568492
4.579030
4.615106
4.615934
4.613198
0.079983
0.159014
0.319371
0.621139
1.205628
2.298140
5.042311
4.708092
4.925414
5.089534
5.143014
5.225906
5.223040
5.286174
5.178533
5.179760
0.086348
0.174459
0.345215
0.673999
1.298808
2.501172
5.566743
5.013241
5.270231
5.449662
5.505573
5.518908
5.525621
5.528275
5.481232
5.464007
0.089693
0.180853
0.360151
0.702352
1.344787
2.552256
5.802265
5.120534
5.453499
5.238266
5.523100
5.558659
5.556447
5.583149
5.630215
5.486001
0.091828
0.183153
0.365448
0.712935
1.303866
2.579282
5.825728
5.263660
5.501454
5.102060
5.577486
5.663184
5.661464
5.714539
5.702270
5.746776
0.092402
0.185675
0.370673
0.717178
1.389245
2.636930
6.018658
5.269568
5.403474
5.057437
5.593502
5.680237
5.720533
5.776878
5.775781
5.797954
0.041708
0.083260
0.166816
0.331229
0.656443
1.296158
2.551951
2.576134
2.619153
2.646850
2.663015
2.667463
2.669381
2.659305
2.673915
2.675756
0.069351
0.139174
0.277861
0.550860
1.081507
2.119729
4.126926
4.188686
4.292566
4.337393
4.383074
4.386268
4.378219
4.419264
4.406310
4.407036
0.104173
0.206219
0.412982
0.812178
1.595809
3.069319
5.839361
5.993677
6.261814
6.407725
6.473539
6.342275
6.549116
6.585538
6.612570
6.428729
0.134681
0.269108
0.537155
1.055841
2.035764
3.875582
7.322427
7.708889
7.987157
8.236469
8.408122
8.175069
8.566521
8.614368
8.579797
8.599626
0.157399
0.311402
0.623509
1.226465
2.366148
4.453183
8.322133
8.669869
9.088616
9.451171
9.737146
9.490120
9.957097
9.986743
9.572023
9.592729
0.171851
0.347939
0.681664
1.339278
2.582083
4.795522
8.962641
9.244675
9.792893
9.831972
10.343789
10.455316
10.381022
10.227014
10.081941
9.966662
0.177378
0.361068
0.705159
1.407774
2.693600
5.086780
9.251143
9.654478
10.196252
9.997151
10.182250
9.912129
10.211232
10.152207
10.076899
9.950682
0.184943
0.370913
0.728004
1.416697
2.714664
5.104896
9.427736
9.798218
10.262383
10.028129
10.149489
9.938765
10.169074
10.220925
10.138325
10.016439
0.185934
0.369964
0.746191
1.453408
2.776985
5.193851
9.401611
9.951350
9.842023
9.821699
10.097300
9.767199
10.186800
10.205162
10.080366
10.004339
0.051576
0.102928
0.205718
0.415760
0.837771
1.687391
3.290656
3.298122
3.345971
3.303248
3.318830
3.306039
3.302089
3.311032
3.306850
3.312038
0.105589
0.211291
0.421513
0.836922
1.697174
3.355221
6.470628
6.478583
6.672872
6.671220
6.614577
6.620642
6.641308
6.633741
6.626971
6.548922
0.186760
0.371047
0.735648
1.464631
2.850345
5.535773
10.365272
10.599803
10.691585
10.689428
10.771770
10.831522
10.762858
10.847634
10.858795
10.884191
0.259756
0.525672
1.023291
2.020672
3.907725
7.460341
13.243126
13.442938
13.428316
13.691995
13.695605
13.908157
14.082474
13.999304
14.106387
13.948169
0.307053
0.643489
1.260313
2.354867
4.733663
8.694376
14.787649
15.900337
15.147986
15.296601
15.649238
15.831991
15.791832
15.041185
14.729439
14.471178
0.338571
0.701438
1.382475
2.570550
4.949353
9.012115
15.913241
16.880522
15.660941
16.215241
16.271010
15.890199
15.674196
14.940174
14.553207
14.496115
0.371787
0.742462
1.456779
2.826703
5.407075
9.803693
17.486797
16.445272
16.156263
15.956598
14.978553
14.587360
14.642896
14.385514
14.129333
13.989511
0.347965
0.712592
1.479553
2.697794
5.299203
9.830486
17.570254
15.881965
16.098264
14.014361
14.435352
14.100569
14.299350
14.159919
13.905257
13.755253
0.360068
0.758816
1.502881
2.930079
5.563716
9.968437
17.125304
15.767275
14.660043
14.022369
14.035482
14.142321
14.064253
13.953545
13.784856
13.738363
0.064726
0.129909
0.260571
0.516431
1.037589
2.040974
4.065138
4.035061
4.069445
4.072687
4.081789
4.064023
4.067794
4.072870
4.080032
4.085330
0.122410
0.245192
0.491401
0.981571
1.951452
3.828746
7.597060
7.580251
7.639821
7.607086
7.592272
7.572516
7.584951
7.593490
7.566758
7.576719
0.238904
0.475986
0.956550
1.908138
3.785601
7.521420
14.822583
14.696184
14.786064
14.770749
14.493384
14.209692
14.595957
14.616624
14.651961
14.686876
0.444014
0.887185
1.765533
3.423775
6.686039
12.516839
22.516184
21.969210
21.476452
21.526092
21.462624
21.678513
21.750656
21.546442
20.806512
18.899081
0.571827
1.134777
2.228504
4.297496
8.228226
14.864363
25.428793
23.490514
23.096689
22.841545
22.990554
21.994216
20.734574
19.427850
18.181446
17.443065
0.625948
1.258713
2.461257
4.640412
8.944224
15.943655
26.527750
24.613037
23.536542
22.941765
18.826719
18.321016
17.855389
17.515244
17.216038
16.799029
0.656721
1.312494
2.577050
4.938092
9.348503
16.177598
26.876302
23.881167
22.994386
18.371209
17.661253
17.473773
17.271828
17.064009
16.641496
16.353664
0.666576
1.331369
2.594600
5.034350
9.431148
16.185715
27.574892
23.435120
18.861830
16.893354
16.992029
16.816615
16.787290
16.674622
16.427172
16.311451
0.668852
1.341907
2.620799
4.975106
9.628346
16.623688
27.114140
22.005226
17.681942
16.220995
16.544137
16.523327
16.463785
16.363398
16.355904
16.292881
0.073835
0.147451
0.294058
0.567040
1.170119
2.351827
4.617189
4.618068
4.592080
4.654567
4.674541
4.668847
4.656138
4.693370
4.653958
4.664606
0.145359
0.289379
0.576071
1.162663
2.325020
4.565905
9.041796
9.013719
8.945034
8.988037
8.921999
8.977567
8.983404
9.064714
8.985049
8.999888
0.281312
0.561691
1.123413
2.238199
4.404355
8.644611
16.581720
16.433077
16.591486
16.236633
16.319736
16.256957
16.394753
16.407698
16.307295
15.930733
0.495944
1.003855
2.002973
3.941366
7.698059
15.443240
27.201077
24.841403
23.827252
23.652334
23.859159
23.592278
22.038203
20.128723
18.711131
17.607416
0.659707
1.313591
2.645289
5.321318
10.293599
17.299990
28.579696
25.669245
24.328237
23.877033
20.511769
18.682030
18.187440
17.735921
17.314481
16.784367
0.684098
1.369132
2.713072
5.425130
10.570000
17.714164
28.304357
25.275743
24.253301
19.425208
17.932998
17.623669
17.331285
17.091242
16.643747
16.449364
0.634871
1.264334
2.528560
5.062750
10.570852
18.045248
28.907687
24.471642
19.863981
17.101874
16.823228
16.768043
16.557354
16.487536
16.275015
16.185093
0.646829
1.266114
2.495824
4.917228
9.098922
16.163412
27.300214
22.078284
17.632408
16.077720
16.443988
16.339369
16.248736
16.200071
16.074069
16.080079
0.653832
1.317511
2.594732
5.143282
9.496823
16.245073
26.999571
21.165701
17.055715
15.732670
16.302011
16.258973
16.249363
16.269355
16.210345
16.122271
0.065444
0.129201
0.258303
0.513344
1.031249
2.093968
4.178894
4.157654
4.160937
4.102865
4.163100
4.098289
4.127139
4.164840
4.005722
4.189607
0.129812
0.260121
0.512036
1.037172
2.045519
4.149578
8.137582
8.139081
8.160767
8.059057
8.040185
8.076737
8.140414
8.173031
8.207780
8.178989
0.256792
0.507872
1.029149
2.061481
4.084738
8.181155
16.039618
15.671863
15.745397
15.493667
15.542854
15.479637
15.572928
15.217689
14.766823
14.506708
0.504375
1.010088
2.021150
4.038316
8.027406
15.205136
26.967353
24.973310
24.114762
23.761435
22.742585
19.998750
18.520448
17.506352
16.988132
16.415038
0.681403
1.362398
2.717222
5.395417
10.325818
17.371101
28.336439
25.361641
24.188184
22.093283
17.973166
17.682489
17.094784
16.878883
16.464937
16.195381
0.688878
1.371969
2.731362
5.424840
10.203197
17.341918
28.272148
24.928564
22.250282
18.242932
17.258154
16.988925
16.662050
16.517186
16.321734
16.119640
0.678986
1.357203
2.707011
5.384475
10.567850
18.344963
29.408737
24.872451
19.292356
16.893426
16.748630
16.675838
16.558999
16.480098
16.383774
16.303772
0.667287
1.336120
2.660980
5.292304
10.397321
18.319003
29.173337
23.276113
17.816539
16.145699
16.501344
16.474906
16.489643
16.476942
16.443954
16.389681
0.666296
1.333031
2.662602
5.309828
10.434234
18.715420
29.518770
21.522965
17.033925
15.947405
16.439831
16.460668
16.501310
16.481694
16.517288
16.425587
0.060977
0.119517
0.239061
0.472536
0.954927
1.909415
3.866143
3.815396
3.846851
3.848476
3.784476
3.786669
3.849896
3.855834
3.865913
3.862775
0.118791
0.237840
0.474647
0.949627
1.925073
3.839833
7.605076
7.581415
7.519483
7.531177
7.409665
7.520755
7.497938
7.531609
7.548074
7.504620
0.233758
0.466964
0.947387
1.882709
3.784025
7.508550
14.740050
14.648929
14.363302
14.199125
14.301932
14.296002
14.107058
13.868736
13.654767
13.428159
0.467344
0.916955
1.875328
3.727289
7.342858
14.397371
26.147380
24.621445
23.902430
23.500451
23.120719
20.336467
18.542899
17.781571
16.947429
16.401845
0.690881
1.380235
2.755927
5.525251
10.897802
18.365346
29.022837
25.726699
24.310494
22.032498
18.410103
17.522763
17.060734
16.742917
16.305500
16.076847
0.695374
1.389199
2.772611
5.499196
10.634084
17.883289
29.190369
25.311490
22.332520
18.006055
17.158950
16.829917
16.567160
16.460160
16.287010
16.175897
0.687447
1.365915
2.718811
5.371857
10.423575
18.375260
29.740330
24.694483
19.274136
16.773739
16.692923
16.596133
16.584023
16.530633
16.404973
16.396668
0.682323
1.363791
2.719848
5.392820
10.541796
18.987402
30.168415
23.260885
17.908710
16.274949
16.655494
16.639316
16.582442
16.558759
16.536647
16.547422
0.685748
1.365513
2.740939
5.418527
10.743230
19.267498
30.543094
22.092917
17.227382
16.061935
16.598302
16.636824
16.614884
16.685890
16.611434
16.634230
