0.978226
1.934854
3.662112
6.600230
11.937377
17.566434
25.564986
27.176590
27.809160
29.658739
29.603863
30.163183
29.866237
30.094421
29.319387
29.062797
0.994695
1.943323
3.685428
6.570567
11.900069
17.582263
25.706776
27.246008
27.868932
29.290296
30.054398
29.817591
30.174218
29.840503
29.432324
29.458226
0.987300
1.950525
3.647878
6.627548
11.885607
17.316130
25.284051
26.651031
27.834897
29.116744
30.081634
29.898383
29.884645
29.555849
29.101703
29.463434
0.980626
1.954816
3.692529
6.092615
11.882871
17.628484
25.577165
27.167638
27.730405
29.356075
30.035329
30.387863
30.058915
29.463434
28.899228
28.929430
0.970519
1.934634
3.678621
6.629486
11.904886
17.571643
25.357622
26.746192
27.757249
29.483631
30.053495
30.271956
30.086386
29.579892
28.858155
29.520295
0.976162
1.946482
3.701020
6.477166
11.897786
17.609703
25.573240
27.155557
27.988567
29.459528
30.016171
29.698707
30.180707
29.477547
29.272826
29.477221
0.974213
1.934405
3.687746
6.583398
11.792296
17.560149
25.538055
27.300214
28.010224
29.304137
29.807925
30.189818
30.405765
29.405062
28.615476
29.362324
0.971503
1.943458
3.655565
6.475698
11.873294
17.639562
25.651878
27.041096
27.582593
29.231646
29.934966
30.049770
30.219126
29.321536
28.880762
28.809726
0.982192
1.950670
3.673579
6.552339
11.825276
17.653380
25.332409
27.139067
27.830927
29.499286
30.002663
30.534468
30.255584
29.824038
29.403333
28.711603
1.951958
3.830363
6.482220
10.348753
16.561775
20.297562
25.856664
27.387600
27.833638
29.519751
30.440358
30.622830
30.609941
30.559078
30.316351
30.342453
1.969142
3.792041
6.682113
10.451723
16.530121
20.401241
26.184351
27.352672
27.754360
29.509080
30.303834
30.282039
30.860507
30.184465
30.203724
30.413278
1.956386
3.765083
6.430274
11.137175
16.670035
20.423064
26.205880
27.312983
27.855056
29.138060
30.357075
30.292359
30.808334
30.624823
30.513388
30.345560
1.962950
3.762109
6.662081
11.253072
16.597269
20.456748
26.134482
27.368392
27.749931
29.654012
30.364565
30.775267
30.974376
30.427275
30.613690
30.303834
1.888575
3.739081
6.615687
10.406477
16.465954
20.496423
26.144133
27.367924
28.184595
29.403117
30.232031
30.302686
30.809520
30.452293
30.564683
30.311067
1.893558
3.777537
6.194866
10.681592
16.717935
20.443209
26.272147
27.371576
27.785979
29.476678
30.378747
30.738374
30.488618
30.436999
30.587588
30.506174
1.968257
3.802095
6.743981
10.169022
16.558450
20.550074
26.181523
27.291832
27.823571
29.133815
30.320947
30.755391
30.845157
30.452756
30.170463
30.341647
1.967447
3.597028
6.502955
10.434887
16.733356
20.225566
26.081060
27.355571
27.795729
29.594555
30.387863
30.665323
30.757283
30.516996
30.215702
30.117534
1.975135
3.577595
6.472942
10.850135
16.596512
20.475754
26.033870
27.325764
27.827539
28.959066
30.493615
30.629161
30.744162
30.231231
30.563048
30.517927
3.234801
5.897839
9.889717
13.224168
17.322054
20.479790
25.839710
26.758538
27.364554
28.924201
29.780850
29.858768
30.157043
29.918286
30.017635
29.297912
3.205661
6.012714
9.891588
12.656405
17.180027
20.909785
25.612622
26.845728
27.044112
28.973645
29.662918
30.050334
30.203724
30.078920
30.036457
29.391882
3.217987
5.996431
9.758109
13.176663
18.313509
20.520397
25.638889
26.765342
27.182962
28.882743
29.719338
30.175243
30.142612
29.893020
29.925672
29.342185
3.210425
5.944102
9.778780
12.790729
18.562605
20.372148
25.642916
26.741096
27.234321
28.942513
29.740109
29.947293
30.172853
29.926232
30.088649
29.253880
3.188764
5.992276
9.867261
13.612109
17.892008
20.592551
25.515086
26.831592
27.145329
28.842757
29.751611
29.936086
30.140341
30.076658
30.039164
29.413387
3.200585
5.783268
9.647702
12.316390
17.565547
19.765092
25.647191
26.765879
27.120942
28.863048
29.852306
30.174674
30.063886
30.068632
29.891680
29.455081
3.209803
5.949804
9.451226
13.214054
17.485498
20.265991
25.538707
26.827093
27.166992
28.884203
29.807703
29.943930
29.982872
29.852529
29.797600
28.855969
3.224289
5.887344
9.447186
13.238699
17.753318
20.706881
25.634453
26.777526
27.094489
29.033792
29.686584
30.072927
30.099856
29.947741
29.942585
29.347890
3.193884
5.972552
9.179070
12.279827
17.474842
20.425671
25.601475
26.806507
27.124253
28.907165
29.784176
30.169780
29.993326
29.998388
30.172284
29.268221
4.908207
7.878614
10.426143
13.299243
18.186034
20.393544
25.321103
26.677871
26.799054
28.588377
29.494284
29.683940
29.428102
29.209660
28.995172
27.254919
4.992022
7.782540
11.285615
13.905547
19.197773
20.635523
25.383529
26.618487
26.848070
28.594304
29.385836
29.554102
29.216594
29.307035
29.144004
27.010602
4.988498
7.913357
11.225282
14.150726
17.206077
20.499312
25.353684
26.555576
26.811089
28.549405
29.419228
29.597292
29.374722
29.106256
29.106786
27.022097
4.958676
7.849617
10.647189
15.486409
17.883969
20.497999
25.319100
26.578250
26.814504
28.664280
29.339495
29.582954
29.339495
28.707379
29.062375
27.530576
5.017187
7.994843
10.701210
14.158966
18.150962
20.550708
25.323027
26.687839
26.803813
28.689980
29.370301
29.672710
29.274755
29.131269
29.088265
27.176775
4.875394
7.817126
10.707598
14.369674
18.463427
20.576343
25.353362
26.688729
26.844917
28.658838
29.404197
29.569614
29.237736
29.182915
28.896514
26.932309
4.978800
7.764359
10.786192
13.428361
18.282664
20.621214
25.334174
26.772866
26.850503
28.691111
29.348859
29.611205
29.334546
28.935394
29.120453
27.522810
4.894775
7.862052
10.818340
13.969773
18.077217
20.567192
25.366225
26.677249
26.901426
28.620697
29.463326
29.632703
29.212219
29.226093
29.075261
27.025018
4.979841
7.979214
10.673740
14.999953
18.416927
20.508088
25.376202
26.640293
26.858256
28.678769
29.375046
29.626448
29.140395
29.206887
28.959381
27.154728
