0.033738
0.067413
0.134544
0.265530
0.535440
1.059685
2.096975
4.059879
7.703856
14.025614
21.312476
22.566105
22.383758
22.399427
22.359922
22.374869
0.065504
0.130805
0.256952
0.519794
1.033714
2.023513
3.984066
7.653657
13.919434
21.430887
22.561077
22.378436
22.399928
22.367487
22.363735
22.364798
0.123411
0.245898
0.493560
0.980041
1.944415
3.835240
7.509854
13.958707
20.998753
22.560695
22.385324
22.391464
22.368800
22.373116
22.371240
22.376308
0.251775
0.503238
1.003408
1.999108
3.942048
7.708904
14.622261
20.618504
22.321429
22.375432
22.379187
22.367612
22.367549
22.371490
22.371740
22.361047
0.465501
0.923165
1.848331
3.671938
7.214194
13.978096
20.141646
21.979713
22.262418
22.375995
22.372553
22.368550
22.359297
22.361797
22.376683
22.368988
0.579006
1.148341
2.308958
4.572262
9.041336
17.625804
21.896212
22.200453
22.286295
22.364923
22.363985
22.362172
22.360797
22.368925
22.361110
22.369863
0.639232
1.252212
2.532047
5.066424
10.117515
19.547619
22.382568
22.042089
22.267252
22.329029
22.361360
22.357173
22.377685
22.363797
22.363672
22.373805
0.668320
1.334903
2.610722
5.336514
10.604623
20.571000
20.416184
21.640162
22.318004
22.352050
22.369300
22.369613
22.368800
22.365861
22.358110
22.375056
0.671173
1.368387
2.568273
5.404733
10.722696
21.201376
18.769694
21.648888
22.319311
22.369238
22.365235
22.367924
22.371865
22.369238
22.362172
22.373992
